Part B
Random matrix A:

0.589393698884823	0.913321266376097	0.549187011341186	0.218433140878767	
0.50360453664493	0.196441439071876	0.896647404831204	0.0537760858674422	
0.767316354330311	0.494324225231225	0.849441187851802	0.401079599001016	
0.451750721527147	0.595169062072024	0.932888529232186	0.678347813747054	
 
Factorize A into QR, give Q:

0.499225317780045	0.691540215409274	-0.340089358903221	-0.396087667720044	
0.426560608499426	-0.501151892454427	0.370496633844136	-0.655457910377249	
0.649928479984025	-0.398876965489653	-0.425026722094031	0.487690909094506	
0.382639648062858	0.333940230524577	0.75261129261855	0.419102689553003	
 
and R:

1.18061660315174	1.08875795199983	1.56567868143533	0.652221936926944	
0	0.534727733201429	-0.0968651525393729	0.190651526023769	
0	0	0.486499424800183	0.285699749637471	
0	0	0	0.358133633255479	
 
The inverse B:

-0.448431966906269	-1.10715402320939	3.43250504922668	-1.79733303650781	
1.67860311138426	0.0479838041068839	-1.53458765846948	0.363012700302203	
-0.0495620771138984	1.83635509933475	-1.67334277572593	0.859761980989296	
-1.10597729713224	-1.83020484398255	1.36175679637049	1.17024107940745	
 
AB:

1	-2.77555756156289E-16	3.33066907387547E-16	-4.44089209850063E-16	
4.16333634234434E-17	1	-2.77555756156289E-16	-3.19189119579733E-16	
1.66533453693773E-16	0	1	-4.44089209850063E-16	
-2.22044604925031E-16	-2.22044604925031E-16	0	1	
 
